360 1 0 0 44.1650 0.1250
360 1 0 0 31.9610 0.1250
360 1 0 0 6.5440 0.1719
299 1 0 0 8.1550 0.5000
299 1 0 0 8.6960 0.5000
360 1 0 0 6.5600 0.1715
360 0 1 0 0.0040 0.0000
360 0 0 1 100.0230 0.0000
360 0 0 1 100.0710 0.0000
360 0 0 1 100.0400 0.0000
360 0 0 1 100.0540 0.0000
360 0 0 1 100.0760 0.0000
0 1 0 0 7.7650 0.5000
360 1 0 0 2.0110 0.2486
360 0 1 0 16.8090 0.0000
360 0 0 1 100.0620 0.0000
360 0 0 1 100.0620 0.0000
360 1 0 0 9.1140 0.1250
360 0 0 1 100.1010 0.0000
360 0 0 1 100.0090 0.0000
360 1 0 0 14.4620 0.1250
361 1 0 0 13.4410 0.1250
0 1 0 0 7.8110 0.5000
361 0 0 1 100.0210 0.0000
361 1 0 0 4.2110 0.1250
361 0 0 1 100.0710 0.0000
361 0 0 1 100.0760 0.0000
360 0 0 1 100.0930 0.0000
360 0 0 1 100.0170 0.0000
360 0 0 1 100.0100 0.0000
361 0 0 1 100.0470 0.0000
360 1 0 0 17.8650 nan
361 0 0 1 100.0000 nan
360 0 0 1 100.0270 nan
360 1 0 0 17.8250 nan
360 0 0 1 100.0020 0.0000
360 0 0 1 100.0720 0.0000
360 0 0 1 100.0180 0.0000
360 0 0 1 100.0930 0.0000
360 0 0 1 100.0690 nan
360 1 0 0 17.8450 nan
360 0 0 1 100.0040 0.0000
360 0 0 1 100.0180 0.0000
360 0 0 1 100.0290 0.0000
360 0 0 1 100.0770 0.0000
360 0 0 1 100.0150 0.0000
360 1 0 0 17.7750 nan
0 1 0 0 7.7910 0.5000
299 1 0 0 8.7350 0.5000
299 1 0 0 8.5690 0.5000
360 1 0 0 17.8470 nan
299 1 0 0 8.2650 0.5000
299 1 0 0 9.6990 0.5000
360 0 0 1 100.0250 0.0000
360 0 0 1 100.1030 0.0000
360 0 0 1 100.0420 0.0000
360 0 0 1 100.0040 0.0000
360 0 0 1 100.0600 0.0000
360 0 0 1 100.0770 0.0000
360 0 0 1 100.0680 0.0000
360 0 0 1 100.0620 0.0000
360 0 0 1 100.0610 0.0000
360 0 0 1 100.0230 0.0000
360 0 0 1 100.0790 0.0000
360 0 0 1 100.0510 0.0000
360 0 0 1 100.0400 0.0000
360 0 0 1 100.0740 0.0000
360 0 1 0 12.8020 0.0000
360 0 0 1 100.0750 0.0000
360 0 0 1 100.0450 nan
360 1 0 0 18.0580 nan
360 0 0 1 100.0930 nan
360 0 0 1 100.0620 0.0000
0 0 0 1 100.0280 0.0000
0 1 0 0 7.8470 0.5000
0 1 0 0 7.8620 0.5000
299 1 0 0 8.0980 0.5000
360 0 0 1 100.0500 0.0000
360 0 0 1 100.0260 0.0000
360 1 0 0 10.5040 0.1250
360 1 0 0 10.3580 0.1250
360 0 0 1 100.0820 0.0000
360 1 0 0 11.5850 0.1834
360 0 0 1 100.0580 0.0000
0 1 0 0 7.8550 0.5000
360 1 0 0 12.5920 0.1688
361 1 0 0 10.2830 0.2067
361 1 0 0 10.2840 0.2066
361 0 1 0 10.2730 0.0000
361 1 0 0 9.0210 0.5000
361 1 0 0 8.6930 0.5000
361 1 0 0 9.6170 0.5000
361 0 1 0 0.0240 0.0000
361 1 0 0 8.8280 0.5000
360 0 0 1 100.0510 0.0000
360 1 0 0 11.5850 0.1834
360 1 0 0 11.6000 0.1832
360 1 0 0 11.9410 0.1780
360 1 0 0 11.7290 0.1812
360 1 0 0 12.1870 0.1744
360 0 1 0 0.1210 0.0000
0 1 0 0 8.7360 0.5000
360 1 0 0 11.6530 0.1824
360 1 0 0 11.6320 0.1827
360 0 0 1 100.0660 0.0000
360 0 0 1 100.0080 0.0000
360 0 1 0 19.7300 0.0000
360 0 0 1 100.0660 0.0000
360 0 0 1 100.0220 0.0000
360 0 0 1 100.0150 0.0000
360 0 0 1 100.0210 0.0000
360 0 0 1 100.0200 0.0000
360 1 0 0 13.5270 0.1250
0 1 0 0 8.6520 0.5000
0 1 0 0 8.6660 0.5000
0 1 0 0 7.7420 0.5000
361 1 0 0 14.6810 0.1250
361 1 0 0 15.0530 0.1993
360 0 1 0 7.0960 0.0000
360 0 1 0 9.0680 0.0000
360 0 1 0 12.3580 0.0000
360 0 0 1 100.1020 0.0000
360 0 0 1 100.0740 0.0000
360 1 0 0 13.6300 0.1250
361 1 0 0 10.3780 0.2048
360 1 0 0 11.6130 0.1830
361 0 1 0 8.8400 0.0000
361 0 1 0 5.8470 0.0000
361 1 0 0 14.7730 0.1250
360 1 0 0 13.6330 0.1250
0 1 0 0 7.7860 0.5000
0 1 0 0 7.8140 0.5000
0 1 0 0 7.8150 0.5000
0 1 0 0 7.7590 0.5000
0 1 0 0 7.7930 0.5000
0 1 0 0 7.7740 0.5000
0 1 0 0 7.8190 0.5000
0 1 0 0 7.7620 0.5000
0 0 1 0 3.2760 0.0000
0 1 0 0 7.8060 0.5000
0 1 0 0 7.8100 0.5000
0 1 0 0 7.7570 0.5000
0 1 0 0 7.7760 0.5000
0 1 0 0 7.7600 0.5000
360 1 0 0 13.6160 0.1250
360 0 1 0 1.0820 0.0000
360 1 0 0 13.6600 0.1250
360 0 1 0 1.0580 0.0000
0 1 0 0 7.8840 0.5000
0 1 0 0 7.8930 0.5000
0 1 0 0 7.7990 0.5000
0 1 0 0 7.7780 0.5000
360 1 0 0 13.5340 0.1250
0 1 0 0 7.8290 0.5000
0 1 0 0 7.7670 0.5000
0 1 0 0 7.8550 0.5000
0 1 0 0 7.8610 0.5000
0 1 0 0 7.8470 0.5000
262 1 0 0 7.8080 0.5000
360 1 0 0 13.5050 0.1250
360 1 0 0 13.5350 0.1250
360 1 0 0 13.7090 0.1250
360 1 0 0 13.6300 0.1250
361 1 0 0 14.8130 0.1250
361 1 0 0 2.6590 0.3761
361 0 1 0 5.6090 nan
361 1 0 0 14.6240 0.1250
361 1 0 0 14.6830 0.1250
361 1 0 0 14.5660 0.1250
361 1 0 0 15.0310 0.1250
361 1 0 0 14.8670 0.1250
360 1 0 0 13.7920 0.1250
360 1 0 0 17.1970 0.1250
360 1 0 0 15.1070 0.1250
360 0 1 0 5.4600 0.0000
360 0 1 0 5.4110 0.0000
360 1 0 0 14.8580 0.1250
360 1 0 0 14.7420 0.1250
360 1 0 0 14.7610 0.1250
360 0 1 0 5.2970 0.0000
262 1 0 0 8.2310 0.5000
360 0 0 1 100.0670 0.0000
360 0 1 0 6.6920 0.0000
360 0 1 0 5.2790 0.0000
360 0 1 0 5.2670 0.0000
360 0 1 0 5.3060 0.0000
360 0 1 0 5.2150 0.0000
360 1 0 0 14.7340 0.1250
360 1 0 0 14.6990 0.1250
360 1 0 0 14.6960 0.1250
360 1 0 0 14.5370 0.1250
360 0 1 0 5.2410 0.0000
360 0 1 0 5.1550 0.0000
360 0 1 0 5.1600 0.0000
360 0 1 0 5.1860 0.0000
360 0 1 0 5.1580 0.0000
299 0 0 1 100.1030 0.0000
299 1 0 0 8.4810 0.5000
299 1 0 0 8.5410 0.5000
360 1 0 0 14.9070 0.1250
360 0 1 0 5.2640 0.0000
0 1 0 0 7.8460 0.5000
360 0 1 0 5.1460 0.0000
362 1 0 0 11.8900 nan
362 1 0 0 11.8590 nan
362 1 0 0 11.8640 nan
362 1 0 0 11.8260 nan
362 1 0 0 11.9720 nan
362 1 0 0 11.8480 nan
362 1 0 0 12.2680 nan
362 1 0 0 12.1840 nan
362 0 1 0 0.2240 nan
362 0 1 0 0.3260 nan
362 0 1 0 10.6880 nan
362 0 1 0 0.2260 nan
362 1 0 0 13.4040 nan
362 0 1 0 10.5900 nan
362 0 1 0 10.6910 nan
362 1 0 0 12.1510 nan
362 0 1 0 0.2350 nan
360 0 1 0 0.2240 nan
360 0 1 0 5.0940 0.0000
360 1 0 0 14.5240 0.1250
360 0 1 0 5.2880 0.0000
360 1 0 0 14.7500 0.1250
360 1 0 0 14.6630 0.1250
360 0 1 1 100.6440 0.0000
360 1 0 0 23.9200 0.1250
360 1 0 0 30.0430 0.1250
360 1 0 0 23.8570 0.1250
360 0 0 1 100.0060 0.0000
360 0 0 1 100.0610 0.0000
360 0 0 1 100.0790 0.0000
360 1 0 0 47.8020 0.1250
360 0 0 1 100.0150 0.0000
360 0 1 1 101.2030 0.0000
360 0 0 1 100.0760 0.0000
360 0 1 1 102.2140 0.0000
360 1 0 0 44.6140 0.1250
360 1 0 0 14.7060 0.1250
360 0 1 1 100.7620 0.0000
360 1 0 0 55.0610 0.1250
360 0 0 1 100.0240 0.0000
360 0 1 0 5.1760 0.0000
360 0 0 1 100.0330 0.0000
360 0 1 1 100.9810 0.0000
360 0 1 1 100.0600 0.0000
360 0 1 1 100.9180 0.0000
360 0 0 1 100.0440 0.0000
360 0 1 1 100.8900 0.0000
360 0 1 1 100.1730 0.0000
360 0 0 1 100.0210 0.0000
360 0 1 1 100.2220 0.0000
360 0 1 1 100.8580 0.0000
360 0 1 1 100.5340 0.0000
360 0 1 1 100.5170 0.0000
360 0 1 1 100.4230 0.0000
360 0 1 1 100.5920 0.0000
360 0 1 0 50.8710 0.0000
360 0 1 0 50.6240 0.0000
360 0 0 0 30.0360 0.0000
360 0 1 0 30.9620 0.0000
360 0 0 0 30.2400 0.0000
360 0 0 0 30.0600 0.0000
360 0 1 0 30.7060 0.0000
360 1 0 0 14.5240 0.1250
360 0 0 0 30.0200 0.0000
360 0 1 0 30.3940 0.0000
360 1 0 0 23.5480 0.1250
360 0 1 0 30.9890 0.0000
360 0 0 0 30.0460 0.0000
360 0 1 0 30.3710 0.0000
360 0 1 0 30.4230 0.0000
360 0 0 0 30.0980 0.0000
360 0 0 0 30.0390 0.0000
360 0 1 0 30.2790 0.0000
360 0 0 0 30.6570 0.0000
360 0 0 0 30.0980 0.0000
360 0 1 0 30.0860 0.0000
360 0 0 0 30.1010 0.0000
360 0 1 0 30.2590 0.0000
360 1 0 0 17.3690 0.1250
360 0 0 0 30.0950 0.0000
360 0 0 0 30.0730 0.0000
360 0 1 0 30.6650 0.0000
360 1 0 0 15.1670 0.1250
360 1 0 0 15.5170 0.1250
360 1 0 0 15.6220 0.1250
360 1 0 0 15.8080 0.1250
360 1 0 0 16.1490 0.1250
360 1 0 0 17.0830 0.1250
360 1 0 0 16.0980 0.1250
360 1 0 0 16.7990 0.1250
361 1 0 0 14.6420 0.1250
362 1 0 0 28.5780 0.1250
362 1 0 0 27.8230 0.1250
362 0 1 0 30.8860 0.0000
362 1 0 0 12.6890 0.1250
362 0 1 0 30.9500 0.0000
362 0 1 0 30.9110 0.0000
362 0 1 0 30.8710 0.0000
362 1 0 0 12.7680 0.1250
362 0 1 0 30.0220 0.0000
362 0 1 0 30.5990 0.0000
362 0 1 0 30.7440 0.0000
362 0 1 0 30.8950 0.0000
362 0 1 0 30.1770 0.0000
361 0 0 0 30.0740 0.0000
262 1 0 0 8.0320 0.5000
299 1 0 0 23.1990 0.2359
299 1 0 0 10.2260 0.5000
5 1 0 0 7.3300 0.5000
360 0 1 0 30.7090 0.0000
360 1 0 0 15.5360 0.1250
360 0 0 0 30.0100 0.0000
360 0 1 0 30.1890 0.0000
360 0 1 0 30.3660 0.0000
360 1 0 0 16.0290 0.1250
364 0 0 0 30.4040 0.0000
363 0 0 0 30.7080 0.0000
363 1 0 0 16.2510 0.1250
363 0 1 0 30.6340 0.0000
363 0 1 0 30.6860 0.0000
363 0 1 0 30.8590 0.0000
363 1 0 0 16.5200 0.1250
364 1 0 0 21.3740 0.1250
363 0 0 0 30.2460 0.0000
360 1 0 0 21.3250 0.1250
363 0 0 0 30.0330 0.0000
364 0 1 0 30.1020 0.0000
364 0 0 0 30.0410 0.0000
364 0 0 0 30.0690 0.0000
364 0 0 0 30.9520 0.0000
364 0 0 0 30.9280 0.0000
360 1 0 0 16.6520 0.1250
361 1 0 0 14.6940 0.1250
362 0 0 0 30.7270 0.0000
363 0 1 0 30.4340 0.0000
363 0 0 0 30.0760 0.0000
364 0 1 0 30.0820 0.0000
364 0 0 0 30.0360 0.0000
364 0 0 0 30.7750 0.0000
364 0 0 0 30.0880 0.0000
364 0 0 0 30.0140 0.0000
364 0 1 0 30.6460 0.0000
364 0 0 0 30.0700 0.0000
364 0 0 0 30.0410 0.0000
364 0 0 0 30.1020 0.0000
364 0 0 0 30.2500 0.0000
364 0 0 0 30.0030 0.0000
364 1 0 0 29.3270 0.1250
364 0 0 0 30.0550 0.0000
364 0 0 0 30.0440 0.0000
364 0 1 0 30.1830 0.0000
364 0 1 0 30.2150 0.0000
364 0 0 0 30.0510 0.0000
364 0 0 0 30.0150 0.0000
364 0 1 0 30.1200 0.0000
364 1 0 0 28.6020 0.1250
364 1 0 0 29.9710 0.1250
364 0 1 0 30.5110 0.0000
364 0 1 0 30.1380 0.0000
364 0 0 0 30.1740 0.0000
364 0 0 0 30.0830 0.0000
364 1 0 0 29.3000 0.1250
364 0 0 0 30.0210 0.0000
364 0 1 0 30.7730 0.0000
364 0 0 0 30.0750 0.0000
364 0 0 0 30.0390 0.0000
364 0 0 0 30.0600 0.0000
364 0 0 0 30.0060 0.0000
364 0 0 0 30.0250 0.0000
364 0 0 0 30.0320 0.0000
364 0 0 0 30.0230 0.0000
364 0 0 0 30.0950 0.0000
364 0 1 0 30.0810 0.0000
364 0 0 0 30.0380 0.0000
364 0 0 0 30.0770 0.0000
364 0 0 0 30.2570 0.0000
364 0 1 0 30.5320 0.0000
364 0 0 0 30.1480 0.0000
364 0 1 0 30.7140 0.0000
364 0 0 0 30.0020 0.0000
364 0 0 0 30.5610 0.0000
364 0 1 0 30.2490 0.0000
364 0 0 0 30.0410 0.0000
364 0 0 0 30.9530 0.0000
364 0 0 0 30.0760 0.0000
364 0 0 0 30.0400 0.0000
364 0 0 0 30.0830 0.0000
365 1 0 0 14.4930 nan
365 1 0 0 11.2080 nan
365 1 0 0 13.3710 0.1250
365 0 0 0 30.1020 0.0000
366 0 1 0 30.1030 0.0000
366 1 0 0 6.0300 0.2488
366 0 1 0 30.1010 0.0000
366 0 0 0 30.0540 0.0000
366 0 0 0 30.0620 0.0000
366 0 1 0 30.0150 0.0000
366 0 1 0 30.2040 0.0000
366 0 0 0 30.0930 0.0000
366 0 1 0 30.1670 0.0000
366 1 0 0 5.4860 nan
366 0 1 0 30.6690 nan
364 0 0 0 30.0290 0.0000
364 0 1 0 30.5120 0.0000
364 0 0 0 30.8000 0.0000
364 0 1 0 30.6030 0.0000
364 0 1 0 30.0110 0.0000
364 0 1 1 100.4340 0.0000
364 0 0 1 100.0530 0.0000
364 0 0 1 100.0880 0.0000
364 0 1 1 100.8360 0.0000
364 0 0 0 50.0410 0.0000
364 0 0 0 50.0160 0.0000
364 0 1 0 50.8450 0.0000
364 0 0 0 50.0560 0.0000
364 0 1 0 50.4370 0.0000
364 0 0 0 50.0450 0.0000
360 1 0 0 16.5710 0.1250
364 0 1 0 30.2680 0.0000
364 0 1 0 30.5500 0.0000
364 0 1 0 30.1140 0.0000
364 0 0 0 30.5240 0.0000
364 0 1 0 30.1970 0.0000
364 0 0 0 30.0110 0.0000
365 1 0 0 15.7070 0.1250
365 1 0 0 15.6150 0.1250
365 1 0 0 14.3860 0.1250
365 0 0 0 30.0820 0.0000
365 0 0 0 30.3140 0.0000
365 0 0 0 30.0820 0.0000
365 1 0 0 15.2050 0.1250
364 0 0 0 30.0920 0.0000
364 0 0 0 30.0030 0.0000
364 0 0 0 30.0670 0.0000
364 0 0 0 30.0120 0.0000
364 0 1 0 30.2500 0.0000
364 0 0 0 30.6260 0.0000
364 0 1 0 30.2610 0.0000
364 0 0 0 30.0170 0.0000
364 0 0 0 30.8550 0.0000
364 0 1 0 30.7180 0.0000
364 0 0 0 30.1060 0.0000
364 0 1 0 30.3450 0.0000
365 1 0 0 15.6500 0.1250
364 0 0 0 30.0920 0.0000
364 0 0 0 30.0520 0.0000
364 1 0 0 28.4030 0.1250
364 0 0 0 30.0280 0.0000
364 0 0 0 30.0540 0.0000
364 0 0 0 30.7980 0.0000
364 0 0 0 30.0520 0.0000
365 0 0 0 30.0020 0.0000
365 0 0 0 30.5550 0.0000
365 0 0 0 30.5270 0.0000
365 0 0 0 30.0740 0.0000
365 0 1 0 30.0140 0.0000
365 0 0 0 30.0080 0.0000
365 0 0 0 30.2670 0.0000
365 0 1 0 30.5990 0.0000
365 0 1 0 30.7840 0.0000
365 0 0 0 30.0280 0.0000
365 0 1 0 30.1700 0.0000
365 0 0 0 30.2460 0.0000
365 1 0 0 15.2710 0.1250
365 0 1 0 30.7940 0.0000
365 0 0 0 30.0370 0.0000
364 0 0 0 30.0710 0.0000
364 0 1 0 30.7540 0.0000
364 0 1 0 30.2210 0.0000
364 0 0 0 30.5470 0.0000
364 0 0 0 30.4820 0.0000
367 1 0 0 18.1390 nan
364 0 0 0 30.0990 0.0000
364 0 0 0 30.1010 0.0000
360 1 0 0 16.1170 0.1250
361 1 0 0 14.7530 0.1250
362 1 0 0 16.0590 0.1250
363 1 0 0 16.0780 0.1250
364 0 1 0 30.2450 0.0000
364 0 0 0 30.3980 0.0000
364 0 1 0 30.6240 0.0000
364 0 1 0 30.6360 0.0000
364 0 1 0 30.0490 0.0000
364 0 1 0 30.1060 0.0000
364 0 0 0 30.4070 0.0000
367 1 0 0 18.1810 nan
364 0 0 0 30.0020 0.0000
364 0 1 0 30.5110 0.0000
364 0 0 0 30.0700 0.0000
364 0 1 0 30.7470 0.0000
364 0 0 0 30.0860 0.0000
364 0 0 0 30.9750 0.0000
364 0 0 0 30.9780 0.0000
364 0 1 0 31.1380 0.0000
364 0 1 0 50.6580 0.0000
364 0 1 0 50.4160 0.0000
364 0 0 0 50.8150 0.0000
364 0 0 0 50.0670 0.0000
364 0 1 0 51.4480 0.0000
364 0 1 0 50.6750 0.0000
364 0 0 1 101.3130 0.0000
364 0 0 1 100.0830 0.0000
364 0 1 0 31.1430 0.0000
364 0 1 0 30.2200 0.0000
364 0 0 0 30.0490 0.0000
364 0 0 0 30.0060 0.0000
364 0 0 0 30.0490 0.0000
364 0 0 0 31.1460 0.0000
364 0 1 0 30.7190 0.0000
364 0 0 0 30.0370 0.0000
364 0 0 0 30.0100 0.0000
364 0 0 0 30.0640 0.0000
364 0 0 0 30.3240 0.0000
364 0 0 0 30.0500 0.0000
364 0 1 0 30.2410 0.0000
367 1 0 0 17.9970 nan
364 0 0 0 30.0080 0.0000
364 0 1 0 30.9210 0.0000
364 0 1 0 30.7350 0.0000
364 0 0 0 30.0750 0.0000
364 0 1 0 30.6320 0.0000
364 0 0 0 30.0260 0.0000
364 0 0 0 30.0400 0.0000
364 0 1 0 30.1930 0.0000
364 0 0 0 30.0930 0.0000
364 0 1 0 30.4210 0.0000
364 0 0 0 30.0160 0.0000
364 1 0 0 28.0970 0.1250
364 0 0 0 30.0210 0.0000
364 0 0 0 30.5850 0.0000
364 0 0 0 30.4320 0.0000
364 0 0 0 30.0200 0.0000
364 0 0 0 30.0680 0.0000
364 0 0 0 30.0170 0.0000
364 1 0 0 29.9810 0.1250
364 0 1 0 30.9130 0.0000
364 0 0 0 30.0120 0.0000
364 1 0 0 29.3420 0.1250
364 0 0 0 30.0560 0.0000
364 0 0 0 30.9740 0.0000
364 0 0 0 30.0000 0.0000
364 1 0 0 29.9000 0.1250
364 1 0 0 30.2860 0.1250
364 0 0 0 40.0790 0.0000
364 1 0 0 29.9330 0.1250
364 0 1 0 41.4770 0.0000
364 0 1 0 40.1040 0.0000
364 0 1 0 40.0310 0.0000
364 0 1 0 41.1010 0.0000
364 1 0 0 30.5780 0.1250
364 0 1 0 40.3030 0.0000
364 0 0 0 40.0740 0.0000
364 0 0 0 40.0930 0.0000
364 0 0 0 40.0310 0.0000
364 0 0 0 40.0320 0.0000
364 0 0 0 40.0390 0.0000
364 0 0 0 40.0910 0.0000
364 1 0 0 30.9260 0.1250
364 0 0 0 40.0630 0.0000
364 1 0 0 35.6970 0.1250
364 0 1 0 41.2610 0.0000
364 1 0 0 33.1600 0.1250
364 0 0 0 40.0250 0.0000
364 0 0 0 40.0260 0.0000
367 1 0 0 27.5930 nan
367 1 0 0 28.6150 nan
367 0 1 0 44.1950 0.0000
367 0 0 0 40.0020 0.0000
367 0 0 0 47.9730 0.0000
367 0 1 0 40.9380 0.0000
367 0 1 0 49.0870 0.0000
367 0 0 0 40.0510 0.0000
367 0 0 0 40.0040 0.0000
367 0 1 0 40.8720 0.0000
364 0 0 0 45.5950 0.0000
364 0 0 0 40.0830 0.0000
364 0 1 0 40.9090 0.0000
364 0 1 0 45.1580 0.0000
364 0 0 0 40.0900 0.0000
364 0 0 0 40.0230 0.0000
364 0 0 0 40.4030 0.0000
364 0 0 0 40.0670 0.0000
364 0 0 0 40.4100 0.0000
364 0 0 0 40.0730 0.0000
364 0 0 0 40.0360 0.0000
364 0 0 0 40.0290 0.0000
364 0 0 0 40.0490 0.0000
364 0 0 0 40.0360 0.0000
364 0 0 0 40.0860 0.0000
364 0 0 0 40.0110 0.0000
364 0 0 0 40.0650 0.0000
364 1 0 0 29.3800 0.1250
364 0 0 0 40.0720 0.0000
364 1 0 0 30.0750 0.1250
364 1 0 0 28.8800 0.1250
364 0 1 0 40.7420 0.0000
364 1 0 0 29.3750 0.1250
364 0 0 0 60.0270 0.0000
364 0 1 0 42.5980 0.0000
364 0 0 0 40.1000 0.0000
364 0 0 0 40.0510 0.0000
367 0 0 0 40.0630 0.0000
367 0 0 0 40.0670 0.0000
367 0 0 0 40.0510 0.0000
367 0 0 0 40.0610 0.0000
367 0 0 0 40.0500 0.0000
367 0 0 0 40.0820 0.0000
367 0 0 0 40.0250 0.0000
367 0 0 0 40.7970 0.0000
367 0 0 0 40.0140 0.0000
367 0 1 0 40.5080 0.0000
367 0 0 0 40.0980 0.0000
367 0 0 0 40.0970 0.0000
367 0 0 0 40.0180 0.0000
367 0 1 0 41.3510 0.0000
367 0 1 0 40.1290 0.0000
367 0 0 0 40.0140 0.0000
367 0 0 0 40.0420 0.0000
367 0 0 0 40.0110 0.0000
367 0 0 0 40.0240 0.0000
367 0 0 0 40.0500 0.0000
367 1 0 0 57.3530 0.1250
367 0 1 0 30.7470 0.0000
367 1 0 0 27.7460 0.1250
364 1 0 0 27.9290 0.1250
364 1 0 0 29.7420 0.1250
367 0 0 0 30.0500 0.0000
367 1 0 0 28.4700 0.1250
367 1 0 0 27.8530 0.1250
367 0 0 0 30.0610 0.0000
367 1 0 0 29.3040 0.1250
364 1 0 0 28.6510 0.1250
360 1 0 0 19.6500 0.1250
0 1 0 0 7.6640 0.5000
360 1 0 0 20.7700 0.1250
367 0 1 0 31.0940 0.0000
367 0 0 0 30.0450 0.0000
367 0 1 0 30.4500 0.0000
367 0 1 0 30.4700 0.0000
367 0 1 0 30.4730 0.0000
367 0 0 0 30.0290 0.0000
367 0 1 0 30.5380 0.0000
367 0 1 0 30.0210 0.0000
367 0 1 0 30.4540 0.0000
366 0 1 0 30.7260 0.0000
366 0 1 0 30.7330 0.0000
366 0 0 0 30.0210 0.0000
366 0 1 0 30.3080 0.0000
366 1 0 0 29.4340 0.1250
367 0 1 0 50.7670 0.0000
367 1 0 0 28.5250 0.1250
360 0 1 0 50.2200 0.0000
360 0 0 0 50.0480 0.0000
360 0 0 0 50.0070 0.0000
360 1 0 0 21.4110 0.1250
367 0 1 0 30.8650 0.0000
367 0 0 0 30.1060 0.0000
367 0 1 0 30.3910 0.0000
367 0 0 0 30.0760 0.0000
360 0 1 0 30.3710 0.0000
367 0 1 0 30.2370 0.0000
367 0 0 0 30.0200 0.0000
368 1 0 0 28.0900 0.1250
367 0 1 0 31.0060 0.0000
367 0 0 0 30.0030 0.0000
367 0 0 0 30.0760 0.0000
367 0 1 0 30.5540 0.0000
367 0 0 0 30.0140 0.0000
368 1 0 0 28.0200 0.1250
367 0 0 0 30.0310 0.0000
368 0 1 0 30.4140 0.0000
367 0 0 0 30.0320 0.0000
367 0 0 0 30.0540 0.0000
367 0 1 0 30.9960 0.0000
367 0 1 0 30.5000 0.0000
367 0 1 0 31.0940 0.0000
367 0 0 0 30.0480 0.0000
367 0 0 0 30.0730 0.0000
367 0 0 0 30.0860 0.0000
367 1 0 0 29.1140 0.1250
367 0 1 0 30.0160 0.0000
367 0 0 0 30.0130 0.0000
367 0 0 0 30.0540 0.0000
367 0 0 0 30.0620 0.0000
367 0 0 0 30.0270 0.0000
367 0 0 0 30.0790 0.0000
367 0 0 0 30.0550 0.0000
367 0 0 0 30.0540 0.0000
367 0 1 0 30.3300 0.0000
367 0 1 0 30.3410 0.0000
367 0 0 0 30.0010 0.0000
367 0 0 0 30.0690 0.0000
367 0 1 0 30.9740 0.0000
367 0 0 0 30.0000 0.0000
367 0 1 0 34.0140 0.0000
367 0 1 0 31.7020 0.0000
367 0 0 0 30.0370 0.0000
367 0 0 0 30.1030 0.0000
367 0 1 0 30.7280 0.0000
367 0 0 0 30.0180 0.0000
367 0 0 0 30.0200 0.0000
367 0 0 0 30.0840 0.0000
367 0 1 0 31.0240 0.0000
367 0 1 0 34.4440 0.0000
367 1 0 0 28.7150 0.1250
367 0 0 0 30.0420 0.0000
367 0 1 0 31.1900 0.0000
367 0 0 0 30.0630 0.0000
360 0 0 0 30.0560 0.0000
367 0 0 0 30.0950 0.0000
262 1 0 0 9.9350 0.5000
367 0 0 0 30.0390 0.0000
367 0 0 0 30.0720 0.0000
367 0 0 0 30.0500 0.0000
367 0 1 0 30.2640 0.0000
367 0 0 0 30.0720 0.0000
367 0 1 0 31.1270 0.0000
367 0 0 0 30.0550 0.0000
367 1 0 0 29.7340 0.1250
367 1 0 0 29.0280 0.1250
367 0 0 0 30.0130 0.0000
367 0 0 0 30.0530 0.0000
367 0 0 0 30.0530 0.0000
367 0 0 0 30.0350 0.0000
367 0 0 0 30.0770 0.0000
367 0 1 0 30.4850 0.0000
367 0 0 0 30.0690 0.0000
367 0 0 0 30.0680 0.0000
367 1 0 0 29.0420 0.1250
367 0 1 0 30.9730 0.0000
367 0 0 0 30.0490 0.0000
367 0 0 0 30.0490 0.0000
367 0 0 0 30.0650 0.0000
367 0 0 0 30.0900 0.0000
367 0 0 0 30.0450 0.0000
367 0 1 0 30.4590 0.0000
367 0 0 0 30.0000 0.0000
367 0 1 0 31.5810 0.0000
367 0 0 0 30.0510 0.0000
367 1 0 0 29.1760 0.1250
367 0 1 0 32.4020 0.0000
367 0 0 0 30.0230 0.0000
367 0 0 0 30.0220 0.0000
367 0 1 0 30.9950 0.0000
367 0 0 0 30.0430 0.0000
367 0 1 0 34.3790 0.0000
367 0 0 0 30.1070 0.0000
367 0 0 0 30.1040 0.0000
367 0 1 0 31.3190 0.0000
367 0 0 0 30.0700 0.0000
367 0 0 0 30.0760 0.0000
367 0 1 0 32.6770 0.0000
367 0 1 0 30.4060 0.0000
367 0 1 0 30.2700 0.0000
367 0 0 0 30.0370 0.0000
367 0 1 0 34.6640 0.0000
367 0 0 0 30.0760 0.0000
367 0 1 0 30.1830 0.0000
368 0 1 0 30.5150 0.0000
368 0 1 0 30.4890 0.0000
368 0 0 0 30.8270 0.0000
367 0 1 0 31.0040 0.0000
367 0 1 0 31.2480 0.0000
367 0 0 0 30.0300 0.0000
367 0 0 0 31.4940 0.0000
367 0 0 0 30.0330 0.0000
368 0 1 0 30.2090 0.0000
367 0 0 0 30.0870 0.0000
368 0 0 0 30.0280 0.0000
367 0 0 0 30.0790 0.0000
367 0 0 0 30.0070 0.0000
368 0 1 0 30.2490 0.0000
368 0 1 0 30.7380 0.0000
368 0 1 0 30.9540 0.0000
367 0 0 0 30.0610 0.0000
367 1 0 0 28.1890 0.1250
367 1 0 0 27.9090 0.1250
367 1 0 0 28.5850 0.1250
367 1 0 0 8.4550 0.1250
369 1 0 0 14.7410 0.1250
369 0 0 0 30.0750 0.0000
369 1 0 0 8.5210 0.1250
369 1 0 0 21.4360 0.1250
360 0 1 0 31.7880 0.0000
367 1 0 0 14.3870 0.1250
367 1 0 0 14.0490 0.1250
367 1 0 0 14.3550 0.1250
369 1 0 0 9.1440 0.1250
370 0 0 0 30.0540 0.0000
367 1 0 0 15.5490 0.1250
367 1 0 0 9.0940 0.1250
367 1 0 0 12.6050 0.1250
367 0 1 0 14.2940 0.0000
367 1 0 0 23.6910 0.1250
367 1 0 0 15.2870 0.1250
367 0 1 0 13.8110 0.0000
367 1 0 0 15.3330 0.1250
367 1 0 0 9.3250 0.1250
367 1 0 0 15.2180 0.1250
367 1 0 0 15.6660 0.1250
367 1 0 0 14.7540 0.1250
367 1 0 0 14.1730 0.1250
367 1 0 0 15.4170 0.1250
367 0 1 0 14.9600 0.0000
367 0 0 0 30.0960 0.0000
367 1 0 0 14.8020 0.1250
367 1 0 0 15.1190 0.1250
367 1 0 0 17.1260 0.1250
367 1 0 0 15.5210 0.1250
367 0 1 0 16.0910 0.0000
367 1 0 0 9.0150 0.1250
367 1 0 0 14.9820 0.1250
367 1 0 0 15.0970 0.1250
367 1 0 0 15.0020 0.1250
367 1 0 0 14.5370 0.1250
367 1 0 0 14.3770 0.1250
367 0 1 0 14.6530 0.0000
367 1 0 0 14.7380 0.1250
367 0 1 0 14.7340 0.0000
367 1 0 0 9.3910 0.1250
367 1 0 0 9.4620 0.1250
367 1 0 0 14.3340 0.1250
367 1 0 0 14.3830 0.1250
367 1 0 0 16.3480 0.1250
367 1 0 0 15.3190 0.1250
367 1 0 0 15.1080 0.1250
367 1 0 0 15.0030 0.1250
367 1 0 0 14.3700 0.1250
367 1 0 0 14.4670 0.1250
367 1 0 0 15.1780 0.1250
367 1 0 0 16.1580 0.1250
367 1 0 0 15.5970 0.1250
367 0 1 0 14.2680 0.0000
367 1 0 0 13.3870 0.1250
367 1 0 0 15.3220 0.1250
367 1 0 0 14.4970 0.1250
367 1 0 0 14.7140 0.1250
367 1 0 0 14.8500 0.1250
367 1 0 0 14.7780 0.1250
367 1 0 0 14.3360 0.1250
367 1 0 0 15.3340 0.1250
367 0 1 0 14.7150 0.0000
367 1 0 0 16.0560 0.1250
367 1 0 0 9.5930 0.1250
367 1 0 0 13.9170 0.1250
367 1 0 0 15.1710 0.1250
367 1 0 0 14.4270 0.1250
367 1 0 0 14.8670 0.1250
367 1 0 0 9.4540 0.1250
367 1 0 0 9.7430 0.1250
367 0 1 0 30.9670 0.0000
367 1 0 0 14.7850 0.1250
367 1 0 0 9.8110 0.1250
367 1 0 0 9.3920 0.1250
367 1 0 0 14.6600 0.1250
367 1 0 0 9.3770 0.1250
367 1 0 0 9.3600 0.1250
367 1 0 0 14.5980 0.1250
367 1 0 0 15.2560 0.1250
367 1 0 0 9.4000 0.1250
367 1 0 0 9.5730 0.1250
367 1 0 0 14.8900 0.1250
367 1 0 0 9.6630 0.1250
367 1 0 0 15.7780 0.1250
367 1 0 0 14.8000 0.1250
367 0 0 0 30.0370 0.0000
367 1 0 0 9.3850 0.1250
367 0 1 0 14.8660 0.0000
367 1 0 0 9.2720 0.1250
367 1 0 0 14.2480 0.1250
367 1 0 0 14.9430 0.1250
367 0 1 0 15.5330 0.0000
367 1 0 0 9.6720 0.1250
367 1 0 0 14.3820 0.1250
371 0 1 0 17.3950 0.0000
371 1 0 0 8.8970 0.1250
371 0 1 0 30.8670 0.0000
371 1 0 0 8.8950 0.1250
371 1 0 0 8.9770 0.1250
371 1 0 0 8.4500 0.1250
371 1 0 0 8.9660 0.1250
371 1 0 0 8.4770 0.1250
371 1 0 0 8.8320 0.1250
371 1 0 0 8.8680 0.1250
371 1 0 0 8.8940 0.1250
371 1 0 0 8.8690 0.1250
371 1 0 0 8.7380 0.1250
371 1 0 0 8.8280 0.1250
371 1 0 0 8.4220 0.1250
371 1 0 0 8.7570 0.1250
371 1 0 0 8.9300 0.1250
371 1 0 0 8.5020 0.1250
371 1 0 0 8.9280 0.1250
371 1 0 0 8.8420 0.1250
371 1 0 0 8.4530 0.1250
371 1 0 0 8.4470 0.1250
371 1 0 0 8.5040 0.1250
371 1 0 0 8.4700 0.1250
371 1 0 0 8.9250 0.1250
371 1 0 0 8.4700 0.1250
371 1 0 0 8.3860 0.1250
371 1 0 0 8.4330 0.1250
371 1 0 0 8.9540 0.1250
371 1 0 0 8.9130 0.1250
371 1 0 0 8.4540 0.1250
359 0 1 0 30.9290 0.0000
301 0 0 0 30.0730 0.0000
301 0 0 0 30.0640 0.0000
301 0 0 0 30.0060 0.0000
300 0 0 0 30.0390 0.0000
300 0 0 1 100.0630 0.0000
359 0 1 0 21.6620 0.0000
262 1 0 0 9.4780 0.5000
371 1 0 0 8.9630 0.1250
371 1 0 0 8.8530 0.1250
372 1 0 0 8.8590 0.1250
372 1 0 0 8.8570 0.1250
372 1 0 0 8.4650 0.1250
372 1 0 0 8.4700 0.1250
372 1 0 0 8.8900 0.1250
372 1 0 0 8.7780 0.1250
372 1 0 0 8.4510 0.1250
372 1 0 0 8.9670 0.1250
372 1 0 0 8.4230 0.1250
372 1 0 0 13.6970 0.1250
372 1 0 0 8.4610 0.1250
372 1 0 0 8.4300 0.1250
372 1 0 0 8.7730 0.1250
372 1 0 0 8.8940 0.1250
372 1 0 0 8.9110 0.1250
372 1 0 0 8.4680 0.1250
372 1 0 0 8.4140 0.1250
372 1 0 0 8.8560 0.1250
372 1 0 0 9.8020 0.1250
371 1 0 0 8.4550 0.1250
371 1 0 0 8.9360 0.1250
371 1 0 0 8.8690 0.1250
371 1 0 0 8.9440 0.1250
371 1 0 0 8.7450 0.1250
221 1 0 0 7.9140 0.5000
371 1 0 0 8.8030 0.1250
371 1 0 0 8.7450 0.1250
371 1 0 0 8.9390 0.1250
371 1 0 0 13.8950 0.1250
371 1 0 0 28.6500 0.1250
371 1 0 0 9.4620 0.1250
262 1 0 0 11.4060 0.4822
371 1 0 0 9.1210 0.1250
371 1 0 0 9.0600 0.1250
371 1 0 0 9.0600 0.1250
371 1 0 0 9.0920 0.1250
371 1 0 0 9.1490 0.1250
371 1 0 0 9.0690 0.1250
371 1 0 0 9.0570 0.1250
371 1 0 0 9.0700 0.1250
371 1 0 0 9.1160 0.1250
371 1 0 0 9.1700 0.1250
371 1 0 0 9.1370 0.1250
366 1 0 0 8.8820 0.1250
367 1 0 0 21.3490 0.1250
371 1 0 0 9.0930 0.1250
371 1 0 0 9.1270 0.1250
371 1 0 0 9.1190 0.1250
0 1 0 0 8.7120 0.5000
299 1 0 0 9.9600 0.5000
371 1 0 0 9.1060 0.1250
0 1 0 0 8.6610 0.5000
371 1 0 0 9.4400 0.1250
371 1 0 0 9.0170 0.1250
371 1 0 0 9.0860 0.1250
371 1 0 0 9.1330 0.1250
